车间宽度,车间高度,水平方向网格数,竖直方向网格数,占用率阈值
38080,37800,64,60,0.9

设备名称,(左下角X,Y坐标),宽度,高度,(物流接口名称),(对应接口相对设备左下角的偏置坐标)
Mach1,(28431,23878),1120,1800,(A2,B,A1),((630,1051),(910,870),(385,672))
Mach2,(29042,24255),560,1800,(I),((205,860))
Mach3,(28483,24118),840,1800,(A1,A2),((505,1002),(195,880))
Mach4,(28111,23599),840,1800,(ZN,A2),((602,913),(195,870))
Mach5,(28389,23035),840,1800,(A1,ZN,A2),((505,1002),(605,850),(195,880))
Mach6,(26258,23827),1120,1800,(ZN,B),((483,716),(910,870))
Mach7,(25248,23423),1120,1800,(A1,A2,B,ZN),((385,672),(630,1051),(910,870),(483,716))
Mach8,(29372,23147),560,1800,(I,ZN),((205,860),(438,815))
Mach9,(28724,23442),840,1800,(A2,A1),((195,880),(505,1002))
Mach10,(26949,23769),560,1800,(ZN,I),((438,815),(205,860))
Mach11,(25304,23316),840,1800,(A2,A1,ZN),((195,870),(505,762),(602,913))
Mach12,(25774,23956),1400,1800,(B1,A1,ZN),((400,1200),(1000,400),(650,800))
Mach13,(24858,24171),4480,1800,(Q,D,CN),((4333,870),(1246,1100),(780,1000))
Mach14,(24403,23887),4480,1800,(Q,D,CN),((4333,870),(1246,1100),(780,1000))
Mach15,(24943,24299),560,1800,(ZN),((438,815))
Mach16,(27781,25544),3640,1800,(A1),((850,800))
Mach17,(19428,33130),1400,1800,(I),((207,882))
Mach18,(31474,23317),4200,1800,(Q,D),((4067,880),(1000,800))
Mach19,(28713,20023),4200,1800,(Q,D),((4067,880),(1000,800))
Mach20,(29733,14423),4200,1800,(Q,D),((4067,880),(1000,800))
Mach21,(25783,14913),4200,1800,(Q,D),((4067,880),(1000,800))
Mach22,(23282,9411),4200,1800,(Q,D),((4067,880),(1000,800))
Mach23,(15612,9850),4200,1800,(Q,D),((4067,880),(1000,800))
Mach24,(13581,12682),4200,1800,(Q,D),((4067,880),(1000,800))
Mach25,(9523,15862),4200,1800,(Q,D),((4067,880),(1000,800))
Mach26,(11298,18860),4200,1800,(Q,D),((4067,880),(1000,800))
Mach27,(9374,21795),4200,1800,(Q,D),((4067,880),(1000,800))
Mach28,(10315,24372),4200,1800,(Q,D),((4067,880),(1000,800))
Mach29,(11673,26704),4200,1800,(Q,D),((4067,880),(1000,800))
Mach30,(11604,29936),4200,1800,(Q,D),((4067,880),(1000,800))
Mach31,(16159,34315),4200,1800,(Q,D),((4067,880),(1000,800))
Mach32,(14392,32623),4200,1800,(Q,D),((4067,880),(1000,800))
Mach33,(29817,19783),1680,1800,(B1,ZN,A2),((195,870),(825,975),(1485,882))
Mach34,(31027,19843),560,1800,(I,ZN),((205,860),(438,815))
Mach35,(31548,22984),1960,1800,(B1,A2,Z),((1057,1135),(207,855),(1813,906))
Mach36,(29982,14539),1960,1800,(B1,A2,Z),((1057,1135),(207,855),(1813,906))
Mach37,(26144,15020),1960,1800,(B1,A2,Z),((1057,1135),(207,855),(1813,906))
Mach38,(23463,9561),1960,1800,(B1,A2,Z),((1057,1135),(207,855),(1813,906))
Mach39,(18429,7952),1960,1800,(B1,A2,Z),((1057,1135),(207,855),(1813,906))
Mach40,(16002,9924),1960,1800,(B1,A2,Z),((1057,1135),(207,855),(1813,906))
Mach41,(14101,12652),1960,1800,(B1,A2,Z),((1057,1135),(207,855),(1813,906))
Mach42,(10096,15968),1960,1800,(B1,A2,Z),((1057,1135),(207,855),(1813,906))
Mach43,(11698,18835),1960,1800,(B1,A2,Z),((1057,1135),(207,855),(1813,906))
Mach44,(9988,21635),1960,1800,(B1,A2,Z),((1057,1135),(207,855),(1813,906))
Mach45,(10832,24081),1960,1800,(B1,A2,Z),((1057,1135),(207,855),(1813,906))
Mach46,(12169,26633),1960,1800,(B1,A2,Z),((1057,1135),(207,855),(1813,906))
Mach47,(12138,29692),1960,1800,(B1,A2,Z),((1057,1135),(207,855),(1813,906))
Mach48,(14813,32264),1960,1800,(B1,A2,Z),((1057,1135),(207,855),(1813,906))
Mach49,(16404,33925),1960,1800,(B1,A2,Z),((1057,1135),(207,855),(1813,906))
Mach50,(18219,7567),4480,1800,(Q,CN,D),((4333,870),(780,1000),(1246,1100))
Mach51,(19012,7200),560,1800,(Z),((405,1290))
Mach52,(31891,21775),560,1800,(I,ZN),((205,860),(438,815))
Mach53,(30678,15834),560,1800,(I,ZN),((205,860),(438,815))
Mach54,(24661,11650),560,1800,(I,ZN),((205,860),(438,815))
Mach55,(20336,10460),560,1800,(I,ZN),((205,860),(438,815))
Mach56,(19529,11600),560,1800,(I,ZN),((205,860),(438,815))
Mach57,(19351,11352),1680,1800,(A1,B2,A2,ZN,B1),((1162,757),(523,1308),(1485,860),(820,825),(195,880))
Mach58,(14249,22150),560,1800,(I,ZN),((205,860),(438,815))
Mach59,(15696,26200),560,1800,(I,ZN),((205,860),(438,815))
Mach60,(14838,23282),560,1800,(I,ZN),((205,860),(438,815))
Mach61,(14426,24614),1400,1800,(B1,A1,A2,ZN,B2),((400,1200),(1000,400),(1195,870),(650,800),(195,870))
Mach62,(17718,30990),560,1800,(I,ZN),((205,860),(438,815))
Mach63,(18104,31330),560,1800,(I,ZN),((205,860),(438,815))
Mach64,(17165,31424),1400,1800,(A1,B2,B1,ZN,A2),((945,1168),(202,880),(580,500),(661,880),(1195,880))
Mach65,(16536,30681),1400,1800,(A2,B,A1,ZN),((540,900),(1077,780),(207,870),(1160,873))
Mach66,(15059,26208),1120,1800,(A1,A2,Z),((200,835),(540,900),(973,876))
Mach67,(15504,28680),1400,1800,(A2,B,ZN,A1),((540,900),(1077,780),(1160,873),(207,870))
Mach68,(15156,27463),1400,1800,(A2,C,B,A1,ZN),((195,870),(1205,870),(780,400),(580,1316),(693,895))
Mach69,(14566,23633),1400,1800,(A1,B2,B1,A2,ZN),((1000,400),(195,870),(400,1200),(1195,870),(650,800))
Mach70,(14885,19790),560,1800,(I,ZN),((205,860),(438,815))
Mach71,(14124,21001),1680,1800,(B2,A1,A2,ZN,B1),((720,502),(1162,985),(1485,882),(825,975),(195,870))
Mach72,(14120,22136),1680,1800,(A1,C,B1,B2,A2,ZN),((486,1298),(605,487),(1465,892),(1200,1291),(205,892),(1020,765))
Mach73,(13433,17520),560,1800,(I,ZN),((205,860),(438,815))
Mach74,(13982,18706),1680,1800,(A1,B2,A2,B1,ZN),((1162,985),(720,502),(1485,882),(195,870),(825,975))
Mach75,(14528,18241),1400,1800,(B1,B2,A2,A1,ZN),((580,500),(202,880),(1195,880),(945,1168),(661,880))
Mach76,(18565,11830),1120,1800,(A1,A2,Z),((200,835),(540,900),(973,876))
Mach77,(17015,14046),1400,1800,(A2,B,ZN,A1),((540,900),(1077,780),(1160,873),(207,870))
Mach78,(17631,13320),1400,1800,(A2,C,B,A1,ZN),((195,870),(1205,870),(780,400),(580,1316),(693,895))
Mach79,(20065,11789),1400,1800,(A1,B2,B1,A2,ZN),((1000,400),(195,870),(400,1200),(1195,870),(650,800))
Mach80,(23371,12265),1400,1800,(A2,B,ZN,A1),((540,900),(1077,780),(1160,873),(207,870))
Mach81,(24970,12871),1120,1800,(A1,B,A2,ZN),((320,900),(815,900),(560,1000),(560,1047))
Mach82,(29836,15884),840,1800,(A2,ZN,A1),((195,870),(602,913),(505,762))
Mach83,(27946,15336),1400,1800,(A2,B,ZN,A1),((540,900),(1077,780),(1160,873),(207,870))
Mach84,(28504,15564),1400,1800,(A2,C,B,A1,ZN),((195,870),(1205,870),(780,400),(580,1316),(693,895))
Mach85,(29912,16822),1120,1800,(A1,B,A2,ZN),((320,900),(815,900),(560,1000),(560,1047))
Mach86,(31131,20776),840,1800,(A2,ZN,A1),((195,870),(602,913),(505,762))
Mach87,(30811,19442),1400,1800,(A2,B,ZN,A1),((540,900),(1077,780),(1160,873),(207,870))
Mach88,(30697,20028),1400,1800,(A2,C,B,A1,ZN),((195,870),(1205,870),(780,400),(580,1316),(693,895))
Mach89,(30343,21459),1400,1800,(Z,A1,B,A2),((1253,873),(560,900),(820,900),(210,870))
Mach90,(28823,18920),1680,1800,(A4,A3,A2,A1,Z),((305,907),(582,907),(862,1002),(1105,955),(1559,896))
Mach91,(20291,13361),1680,1800,(A4,A3,A2,A1,Z),((305,907),(582,907),(862,1002),(1105,955),(1559,896))
Mach92,(16067,20636),1680,1800,(A4,A3,A2,A1,Z),((305,907),(582,907),(862,1002),(1105,955),(1559,896))
Mach93,(18369,28317),1680,1800,(A4,A3,A2,A1,Z),((305,907),(582,907),(862,1002),(1105,955),(1559,896))
Mach94,(21343,21087),2520,1800,(ZN,A4,A3,A2,A1),((1361,720),(1540,800),(1895,809),(583,915),(761,478))
Mach95,(30214,19776),1400,1800,(ZN,B),((1160,873),(1077,780))
Mach96,(26601,23661),1120,1800,(A1),((370,660))
Mach97,(26776,23360),840,1800,(A2),((195,880))
Mach98,(30782,19603),1400,1800,(A2,ZN),((1195,870),(650,800))
Mach99,(23157,10349),1400,1800,(A2,ZN),((1195,870),(650,800))
Mach100,(22624,9815),1400,1800,(ZN,B),((1160,873),(1077,780))
Mach101,(15816,31753),1400,1800,(A2,ZN),((1195,870),(650,800))
Mach102,(14471,32151),1400,1800,(ZN,B),((1160,873),(1077,780))
Mach103,(15234,12935),1400,1800,(A2,ZN),((1195,870),(650,800))
Mach104,(13794,12695),1400,1800,(ZN,B),((1160,873),(1077,780))
Mach105,(17125,33272),1400,1800,(A2,ZN),((1195,870),(650,800))
Mach106,(15991,33785),1400,1800,(ZN,B),((1160,873),(1077,780))
Mach107,(13335,27088),1400,1800,(A2,ZN),((1195,870),(650,800))
Mach108,(11845,26940),1400,1800,(ZN,B),((1160,873),(1077,780))
Mach109,(11923,23636),1400,1800,(A2,ZN),((1195,870),(650,800))
Mach110,(10445,23920),1400,1800,(ZN,B),((1160,873),(1077,780))
Mach111,(13307,29676),1400,1800,(A2,ZN),((1195,870),(650,800))
Mach112,(11822,29792),1400,1800,(ZN,B),((1160,873),(1077,780))
Mach113,(11028,16675),1400,1800,(A2,ZN),((1195,870),(650,800))
Mach114,(9658,16253),1400,1800,(ZN,B),((1160,873),(1077,780))
Mach115,(26848,15816),1400,1800,(A2,ZN),((1195,870),(650,800))
Mach116,(25729,15441),1400,1800,(ZN,B),((1160,873),(1077,780))
Mach117,(30038,15318),1400,1800,(A2,ZN),((1195,870),(650,800))
Mach118,(29347,14829),1400,1800,(ZN,B),((1160,873),(1077,780))
Mach119,(31069,22564),1400,1800,(A2,ZN),((1195,870),(650,800))
Mach120,(30624,22923),1400,1800,(ZN,B),((1160,873),(1077,780))
Mach121,(10977,21568),1400,1800,(A2,ZN),((1195,870),(650,800))
Mach122,(9538,21593),1400,1800,(ZN,B),((1160,873),(1077,780))
Mach123,(12633,19150),1400,1800,(A2,ZN),((1195,870),(650,800))
Mach124,(11254,18945),1400,1800,(ZN,B),((1160,873),(1077,780))
Mach125,(16835,10478),1400,1800,(A2,ZN),((1195,870),(650,800))
Mach126,(15548,10066),1400,1800,(ZN,B),((1160,873),(1077,780))
Mach127,(18683,8672),1400,1800,(A2,ZN),((1195,870),(650,800))
Mach128,(17749,8126),1400,1800,(ZN,B),((1160,873),(1077,780))
Mach129,(16813,33056),1960,1800,(B1,Z),((1057,1135),(1813,906))
Mach130,(15598,31355),1960,1800,(B1,Z),((1057,1135),(1813,906))
Mach131,(12794,29228),1960,1800,(B1,Z),((1057,1135),(1813,906))
Mach132,(13053,26502),1960,1800,(B1,Z),((1057,1135),(1813,906))
Mach133,(11559,23514),1960,1800,(B1,Z),((1057,1135),(1813,906))
Mach134,(10693,21409),1960,1800,(B1,Z),((1057,1135),(1813,906))
Mach135,(12299,18917),1960,1800,(B1,Z),((1057,1135),(1813,906))
Mach136,(10580,16197),1960,1800,(B1,Z),((1057,1135),(1813,906))
Mach137,(14699,12964),1960,1800,(B1,Z),((1057,1135),(1813,906))
Mach138,(16319,10332),1960,1800,(B1,Z),((1057,1135),(1813,906))
Mach139,(18656,8432),1960,1800,(B1,Z),((1057,1135),(1813,906))
Mach140,(23255,10126),1960,1800,(B1,Z),((1057,1135),(1813,906))
Mach141,(26124,15617),1960,1800,(B1,Z),((1057,1135),(1813,906))
Mach142,(29881,15101),1960,1800,(B1,Z),((1057,1135),(1813,906))
Mach143,(29256,19177),1960,1800,(B1,Z),((1057,1135),(1813,906))
Mach144,(31124,22386),1960,1800,(B1,Z),((1057,1135),(1813,906))
Mach145,(21424,31129),1120,1800,(I),((335,875))
Mach146,(29745,10780),1120,1800,(I),((335,875))
Mach147,(32152,13309),1120,1800,(I),((335,875))
Mach148,(35351,15462),1120,1800,(I),((335,875))
Mach149,(35642,18349),1120,1800,(I),((335,875))
Mach150,(19423,19182),1120,1800,(I),((335,875))
Mach151,(18952,32363),560,1800,(I,ZN),((205,860),(438,815))
Mach152,(36118,18366),560,1800,(I,ZN),((205,860),(438,815))
Mach153,(34295,15726),560,1800,(I,ZN),((205,860),(438,815))
Mach154,(32318,13388),560,1800,(I,ZN),((205,860),(438,815))
Mach155,(29195,11095),560,1800,(I,ZN),((205,860),(438,815))
Mach156,(19892,10483),8120,1800,(A,CI,B,CO),((2613,1120),(3909,774),(1914,614),(6300,845))
Mach157,(17491,11868),8120,1800,(B,CO,CI,A),((1914,614),(6300,845),(3909,774),(2613,1120))
Mach158,(15275,14131),8120,1800,(B,CI,A,CO),((1914,614),(3909,774),(2613,1120),(6300,845))
Mach159,(12917,16657),8120,1800,(B,CO,CI,A),((1914,614),(6300,845),(3909,774),(2613,1120))
Mach160,(12527,21682),8120,1800,(A,CO,CI,B),((2613,1120),(6300,845),(3909,774),(1914,614))
Mach161,(13268,24086),8120,1800,(B,CI,A,CO),((1914,614),(3909,774),(2613,1120),(6300,845))
Mach162,(14069,26636),8120,1800,(B,CO,CI,A),((1914,614),(6300,845),(3909,774),(2613,1120))
Mach163,(14139,29108),8120,1800,(B,CI,A,CO),((1914,614),(3909,774),(2613,1120),(6300,845))
Mach164,(18247,32153),1120,1800,(A2,Z,A1),((540,900),(973,876),(200,835))
Mach165,(21220,10297),560,1800,(I,ZN),((205,860),(438,815))
Mach166,(26269,11716),560,1800,(I,ZN),((205,860),(438,815))
Mach167,(14837,17200),560,1800,(I,ZN),((205,860),(438,815))
Mach168,(19612,11941),560,1800,(I,ZN),((205,860),(438,815))
Mach169,(16394,19573),560,1800,(I,ZN),((205,860),(438,815))
Mach170,(16373,27028),560,1800,(I,ZN),((205,860),(438,815))
Mach171,(15353,23891),560,1800,(I,ZN),((205,860),(438,815))
Mach172,(14148,21528),560,1800,(I,ZN),((205,860),(438,815))
Mach173,(18581,31156),560,1800,(I,ZN),((205,860),(438,815))
Mach174,(16385,29340),560,1800,(I,ZN),((205,860),(438,815))
Mach175,(14500,19138),4760,1800,(B,S,CI,A,CO),((1443,619),(4613,910),(2152,852),(2768,1221),(3901,1016))
Mach176,(24741,11323),4760,1800,(B,S,CO,CI,A),((1443,619),(4613,910),(3901,1016),(2152,852),(2768,1221))
Mach177,(30977,18415),4760,1800,(B,S,CI,A,CO),((1443,619),(4613,910),(2152,852),(2768,1221),(3901,1016))
Mach178,(32999,18988),560,1800,(I,ZN),((205,860),(438,815))
Mach179,(16164,30961),4760,1800,(B,S,CI,A,CO),((1443,619),(4613,910),(2152,852),(2768,1221),(3901,1016))
Mach180,(27284,13820),4760,1800,(B,S,CI,A,CO),((1443,619),(4613,910),(2152,852),(2768,1221),(3901,1016))
Mach181,(29511,14986),560,1800,(I,ZN),((205,860),(438,815))
Mach182,(29994,15759),4760,1800,(B,S,CI,A,CO),((1443,619),(4613,910),(2152,852),(2768,1221),(3901,1016))
Mach183,(31951,16288),560,1800,(I,ZN),((205,860),(438,815))
Mach184,(18027,32992),1960,1800,(ZN,A1,A2),((1258,775),(490,800),(1587,927))
Mach185,(21026,31120),560,1800,(I,ZN),((205,860),(438,815))
Mach186,(19158,19221),560,1800,(I,ZN),((205,860),(438,815))
Mach187,(33577,21131),1960,1800,(A2,A1,Z),((1440,990),(520,990),(1156,900))
Mach188,(17761,14099),560,1800,(I,ZN),((205,860),(438,815))
Mach189,(33276,21369),560,1800,(I,ZN),((205,860),(438,815))
Mach190,(33826,20023),4480,1800,(A2,A1),((900,825),(2180,800))
Mach191,(31242,22492),4200,1800,(Q,D),((4067,880),(1000,800))
Mach192,(30286,19305),4200,1800,(Q,D),((4067,880),(1000,800))
Mach193,(30505,15765),4200,1800,(Q,D),((4067,880),(1000,800))
Mach194,(26760,16523),4200,1800,(Q,D),((4067,880),(1000,800))
Mach195,(23648,10588),4200,1800,(Q,D),((4067,880),(1000,800))
Mach196,(19080,8652),4200,1800,(Q,D),((4067,880),(1000,800))
Mach197,(17111,10650),4200,1800,(Q,D),((4067,880),(1000,800))
Mach198,(15913,13356),4200,1800,(Q,D),((4067,880),(1000,800))
Mach199,(11501,16621),4200,1800,(Q,D),((4067,880),(1000,800))
Mach200,(13402,19220),4200,1800,(Q,D),((4067,880),(1000,800))
Mach201,(11852,21439),4200,1800,(Q,D),((4067,880),(1000,800))
Mach202,(12780,23363),4200,1800,(Q,D),((4067,880),(1000,800))
Mach203,(14507,27071),4200,1800,(Q,D),((4067,880),(1000,800))
Mach204,(14034,29522),4200,1800,(Q,D),((4067,880),(1000,800))
Mach205,(17979,32952),4200,1800,(Q,D),((4067,880),(1000,800))
Mach206,(16983,31193),4200,1800,(Q,D),((4067,880),(1000,800))
Mach207,(31618,22266),1960,1800,(A2,B1,Z),((207,855),(1057,1135),(1813,906))
Mach208,(30394,19158),1960,1800,(A2,B1,Z),((207,855),(1057,1135),(1813,906))
Mach209,(30735,15520),1960,1800,(A2,B1,Z),((207,855),(1057,1135),(1813,906))
Mach210,(27135,16119),1960,1800,(A2,B1,Z),((207,855),(1057,1135),(1813,906))
Mach211,(23887,10455),1960,1800,(A2,B1,Z),((207,855),(1057,1135),(1813,906))
Mach212,(19433,8656),1960,1800,(A2,B1,Z),((207,855),(1057,1135),(1813,906))
Mach213,(17413,10546),1960,1800,(A2,B1,Z),((207,855),(1057,1135),(1813,906))
Mach214,(16010,13127),1960,1800,(A2,B1,Z),((207,855),(1057,1135),(1813,906))
Mach215,(11723,16503),1960,1800,(A2,B1,Z),((207,855),(1057,1135),(1813,906))
Mach216,(13540,19072),1960,1800,(A2,B1,Z),((207,855),(1057,1135),(1813,906))
Mach217,(11925,21359),1960,1800,(A2,B1,Z),((207,855),(1057,1135),(1813,906))
Mach218,(12860,23300),1960,1800,(A2,B1,Z),((207,855),(1057,1135),(1813,906))
Mach219,(14487,26818),1960,1800,(A2,B1,Z),((207,855),(1057,1135),(1813,906))
Mach220,(14132,29326),1960,1800,(A2,B1,Z),((207,855),(1057,1135),(1813,906))
Mach221,(16983,31117),1960,1800,(A2,B1,Z),((207,855),(1057,1135),(1813,906))
Mach222,(18079,32808),1960,1800,(A2,B1,Z),((207,855),(1057,1135),(1813,906))
